Time_s   Intensity_dB
42.987437   27.258089
42.994104   27.154560
43.000771   27.639373
43.007437   27.457634
43.014104   27.654552
43.020771   27.731009
43.027437   27.803931
43.034104   28.014043
43.040771   27.340035
43.047437   26.344314
43.054104   25.772278
43.060771   25.571129
43.067437   24.896315
43.074104   23.423154
43.080771   23.505453
43.087437   25.457377
43.094104   26.914115
43.100771   27.667993
43.107437   28.294870
43.114104   28.733715
43.120771   28.585561
43.127437   27.720079
43.134104   27.530846
43.140771   35.041714
43.147437   41.384187
43.154104   43.085038
43.160771   40.602584
43.167437   35.309470
43.174104   31.322494
43.180771   29.763494
43.187437   28.505796
43.194104   27.433747
43.200771   26.639367
43.207437   25.865841
43.214104   26.022915
43.220771   26.248890
43.227437   25.246933
43.234104   24.941866
43.240771   25.651405
43.247437   24.805587
43.254104   23.154297
43.260771   22.433728
43.267437   22.508112
43.274104   23.530229
43.280771   25.295358
43.287437   26.214004
43.294104   25.571894
43.300771   23.992225
43.307437   22.580431
43.314104   22.004138
43.320771   22.097103
43.327437   21.433344
43.334104   21.215115
43.340771   21.478598
43.347437   21.473663
43.354104   22.305386
43.360771   23.098620
43.367437   22.818248
43.374104   22.208687
43.380771   24.705693
43.387437   34.393437
43.394104   40.857713
43.400771   42.347445
43.407437   39.336106
43.414104   33.159099
43.420771   28.982859
43.427437   28.029041
43.434104   27.187821
43.440771   25.966244
43.447437   25.117824
43.454104   24.691604
43.460771   23.975308
43.467437   23.039729
43.474104   22.413787
43.480771   21.630083
43.487437   20.719685
43.494104   20.417335
43.500771   20.565528
43.507437   20.442029
43.514104   19.747480
43.520771   19.260637
43.527437   18.951158
43.534104   18.899577
43.540771   18.917605
43.547437   19.352091
43.554104   20.070367
43.560771   20.772760
43.567437   21.325858
43.574104   21.961977
43.580771   21.907837
43.587437   20.982313
43.594104   20.411095
43.600771   20.998120
43.607437   21.459812
43.614104   21.229932
43.620771   20.917663
43.627437   20.970233
43.634104   25.328151
43.640771   35.940012
43.647437   42.195695
43.654104   43.583785
43.660771   40.723252
43.667437   35.372950
43.674104   32.207682
43.680771   31.569171
43.687437   32.075668
43.694104   32.101370
43.700771   30.690872
43.707437   28.637843
43.714104   27.247358
43.720771   26.368983
43.727437   25.935699
43.734104   26.156407
43.740771   26.044334
43.747437   25.363998
43.754104   24.817310
43.760771   24.872089
43.767437   25.173858
43.774104   25.303611
43.780771   25.158545
43.787437   25.837447
43.794104   27.374482
43.800771   28.538005
43.807437   29.613513
43.814104   30.842080
43.820771   31.236806
43.827437   30.416620
43.834104   29.004906
43.840771   27.957538
43.847437   26.899924
43.854104   25.948559
43.860771   25.683897
43.867437   25.792347
43.874104   25.284315
43.880771   24.213463
43.887437   23.491577
43.894104   23.198800
43.900771   23.101727
43.907437   22.885770
43.914104   21.813879
43.920771   20.817302
43.927437   21.199403
43.934104   27.446536
43.940771   37.272868
43.947437   42.189455
43.954104   42.355376
43.960771   38.533594
43.967437   33.608881
43.974104   31.496222
43.980771   30.989943
43.987437   30.949447
43.994104   29.373696
44.000771   26.978416
44.007437   25.629166
44.014104   24.734280
44.020771   23.787933
44.027437   22.693865
44.034104   21.820162
44.040771   21.256074
44.047437   20.802960
44.054104   20.735165
44.060771   20.976925
44.067437   21.504144
44.074104   22.110762
44.080771   22.520231
44.087437   22.775485
44.094104   23.538326
44.100771   24.765870
44.107437   25.332238
44.114104   24.936066
44.120771   24.232575
44.127437   24.005648
44.134104   23.921259
44.140771   23.900941
44.147437   24.273587
44.154104   24.639450
44.160771   24.702074
44.167437   25.640394
44.174104   33.655316
44.180771   40.722817
44.187437   42.920361
44.194104   40.688206
44.200771   35.748483
44.207437   32.591100
44.214104   31.368355
44.220771   31.160612
44.227437   30.932398
44.234104   29.409891
44.240771   27.996618
44.247437   27.022588
44.254104   25.910906
44.260771   24.625195
44.267437   23.772130
44.274104   23.681692
44.280771   23.810959
44.287437   23.757496
44.294104   24.082908
44.300771   24.531144
44.307437   24.322237
44.314104   23.692484
44.320771   23.354248
44.327437   23.207368
44.334104   22.838692
44.340771   22.923471
44.347437   23.473027
44.354104   23.391588
44.360771   23.166763
44.367437   22.806107
44.374104   22.482606
44.380771   22.767854
44.387437   22.967505
44.394104   22.622292
44.400771   22.123639
44.407437   21.910894
44.414104   22.042245
44.420771   22.428875
44.427437   25.164484
44.434104   35.427932
44.440771   41.826200
44.447437   43.370979
44.454104   40.934010
44.460771   36.307863
44.467437   32.221762
44.474104   30.202198
44.480771   29.346145
44.487437   28.744759
44.494104   28.103599
44.500771   26.863356
44.507437   25.284267
44.514104   24.156101
44.520771   23.085463
44.527437   22.106075
44.534104   21.802110
44.540771   21.360667
44.547437   20.654114
44.554104   20.574571
44.560771   20.830592
44.567437   20.914550
44.574104   21.040857
44.580771   20.897898
44.587437   20.804445
44.594104   20.898756
44.600771   24.294546
44.607437   34.840136
44.614104   41.079095
44.620771   42.368102
44.627437   39.460968
44.634104   34.430993
44.640771   31.312518
44.647437   30.817172
44.654104   31.360404
44.660771   30.855967
44.667437   28.927156
44.674104   26.626631
44.680771   24.923270
44.687437   23.537469
44.694104   22.953009
44.700771   22.594123
44.707437   21.629616
44.714104   21.072985
44.720771   21.137748
44.727437   20.830396
44.734104   20.981186
44.740771   21.197620
44.747437   21.802466
44.754104   22.463431
44.760771   22.731778
44.767437   23.214516
44.774104   23.257682
44.780771   22.702217
44.787437   21.867410
44.794104   22.705717
44.800771   25.401314
44.807437   27.375996
44.814104   28.335547
44.820771   28.563560
44.827437   28.112270
44.834104   28.486590
44.840771   29.999293
44.847437   34.086728
44.854104   41.690633
44.860771   45.386851
44.867437   44.421076
44.874104   39.677097
44.880771   35.618290
44.887437   34.826719
44.894104   33.881819
44.900771   32.839873
44.907437   31.672363
44.914104   30.079142
44.920771   28.591545
44.927437   27.136895
44.934104   25.400752
44.940771   23.973907
44.947437   23.260968
44.954104   22.482962
44.960771   21.728996
44.967437   21.374183
44.974104   20.750044
44.980771   20.446736
44.987437   21.012452
44.994104   21.592997
45.000771   21.429564
45.007437   20.594728
45.014104   20.368220
45.020771   20.463049
45.027437   20.291317
45.034104   19.992758
45.040771   19.646664
45.047437   19.601653
45.054104   20.524415
45.060771   20.967056
45.067437   20.819522
45.074104   20.860918
45.080771   20.870814
45.087437   21.390551
45.094104   23.391659
45.100771   27.157790
45.107437   29.895032
45.114104   33.644549
45.120771   40.736730
45.127437   44.413153
45.134104   43.781462
45.140771   39.485071
45.147437   34.530185
45.154104   33.017865
45.160771   33.501878
45.167437   33.318859
45.174104   31.732531
45.180771   30.211775
45.187437   28.747392
45.194104   26.785156
45.200771   25.122088
45.207437   23.946836
45.214104   23.039966
45.220771   22.253157
45.227437   21.581046
45.234104   21.450121
45.240771   21.230592
45.247437   20.633234
45.254104   20.947273
45.260771   21.420441
45.267437   21.461879
45.274104   21.824343
45.280771   21.874981
45.287437   22.081698
45.294104   22.263611
45.300771   21.742575
45.307437   21.147491
45.314104   20.939108
45.320771   20.960709
45.327437   20.750212
45.334104   20.537901
45.340771   20.255844
45.347437   19.869669
45.354104   19.920440
45.360771   20.584981
45.367437   21.333227
45.374104   22.515461
45.380771   32.317950
45.387437   41.509472
45.394104   45.469590
45.400771   44.774717
45.407437   40.340645
45.414104   36.453272
45.420771   35.310858
45.427437   34.677616
45.434104   35.817573
45.440771   35.555411
45.447437   32.678093
45.454104   29.587865
45.460771   27.908211
45.467437   26.636226
45.474104   26.252576
45.480771   26.124095
45.487437   25.349130
45.494104   24.468893
45.500771   23.981774
45.507437   23.521871
45.514104   23.340906
45.520771   23.317692
45.527437   23.573041
45.534104   24.085770
45.540771   24.256438
45.547437   24.186842
45.554104   24.308698
45.560771   24.419834
45.567437   24.523269
45.574104   24.392339
45.580771   24.418508
45.587437   24.238682
45.594104   23.729951
45.600771   23.481462
45.607437   23.235723
45.614104   23.157739
45.620771   23.394022
45.627437   23.435044
45.634104   23.077718
45.640771   22.994774
45.647437   23.039444
45.654104   22.728130
45.660771   23.030609
45.667437   30.977980
45.674104   40.502865
45.680771   44.912204
45.687437   44.667176
45.694104   40.729362
45.700771   36.596661
45.707437   35.232411
45.714104   33.783244
45.720771   34.340913
45.727437   35.323349
45.734104   33.681730
45.740771   30.485603
45.747437   28.260906
45.754104   27.141759
45.760771   27.132564
45.767437   27.597348
45.774104   27.882937
45.780771   27.908906
45.787437   27.816778
45.794104   28.297357
45.800771   28.923263
45.807437   28.484644
45.814104   27.325660
45.820771   26.693092
45.827437   26.398229
45.834104   26.052318
45.840771   25.816859
45.847437   25.425354
45.854104   25.251386
45.860771   25.220800
45.867437   24.904642
45.874104   24.516050
45.880771   24.262749
45.887437   24.366414
45.894104   24.641641
45.900771   24.613492
45.907437   24.357647
45.914104   23.889946
45.920771   23.276066
45.927437   22.824776
45.934104   27.593854
45.940771   37.461297
45.947437   42.712950
45.954104   43.222603
45.960771   39.802111
45.967437   35.618530
45.974104   34.548763
45.980771   33.382400
45.987437   32.401377
45.994104   33.642958
46.000771   33.060247
46.007437   29.867646
46.014104   27.173746
46.020771   25.562890
46.027437   23.948357
46.034104   23.223755
46.040771   23.003076
46.047437   22.332762
46.054104   21.905002
46.060771   21.587074
46.067437   21.013841
46.074104   21.354700
46.080771   22.250981
46.087437   22.510816
46.094104   22.296284
46.100771   21.882215
46.107437   21.685114
46.114104   21.333658
46.120771   21.377240
46.127437   22.011565
46.134104   22.141163
46.140771   21.821839
46.147437   21.352877
46.154104   21.059426
46.160771   21.105972
46.167437   21.218609
46.174104   21.310889
46.180771   21.427189
46.187437   22.158632
46.194104   22.239808
46.200771   26.915658
46.207437   37.435333
46.214104   43.163826
46.220771   44.217210
46.227437   41.519003
46.234104   36.898495
46.240771   33.107902
46.247437   30.702902
46.254104   29.469805
46.260771   28.773978
46.267437   27.857508
46.274104   26.563496
46.280771   25.241725
46.287437   24.412733
46.294104   24.133115
46.300771   23.707546
46.307437   23.133152
46.314104   22.599079
46.320771   22.442729
46.327437   22.329502
46.334104   22.492195
46.340771   22.517272
46.347437   26.468766
46.354104   36.879677
46.360771   42.684795
46.367437   43.585480
46.374104   40.289051
46.380771   35.268896
46.387437   33.026613
46.394104   32.343141
46.400771   32.813297
46.407437   31.741136
46.414104   29.010105
46.420771   27.259548
46.427437   25.849536
46.434104   24.671912
46.440771   23.816547
46.447437   22.679774
46.454104   21.607578
46.460771   21.113893
46.467437   20.836745
46.474104   20.993704
46.480771   21.621342
46.487437   21.300944
46.494104   20.209146
46.500771   19.881804
46.507437   20.040830
46.514104   20.074593
46.520771   19.999095
46.527437   19.886334
46.534104   20.025356
46.540771   20.043148
46.547437   19.773929
46.554104   19.112499
46.560771   18.806495
46.567437   18.909916
46.574104   20.057528
46.580771   21.256522
46.587437   21.003721
46.594104   20.019887
46.600771   26.380496
46.607437   38.626039
46.614104   45.286011
46.620771   46.953176
46.627437   44.271687
46.634104   38.694351
46.640771   34.645110
46.647437   33.283010
46.654104   33.513750
46.660771   33.008212
46.667437   31.031229
46.674104   29.183938
46.680771   27.659761
46.687437   26.409318
46.694104   25.788549
46.700771   24.991926
46.707437   23.739219
46.714104   22.808219
46.720771   22.832260
46.727437   22.615963
46.734104   22.236291
46.740771   22.229191
46.747437   22.124422
46.754104   22.525045
46.760771   22.799899
46.767437   22.128078
46.774104   21.644634
46.780771   21.989330
46.787437   23.313711
46.794104   24.669225
46.800771   25.241761
46.807437   25.099086
46.814104   24.447270
46.820771   23.691652
46.827437   23.501292
46.834104   24.032945
46.840771   25.010038
46.847437   30.260345
46.854104   39.705453
46.860771   44.737141
46.867437   45.186177
46.874104   41.761237
46.880771   37.534365
46.887437   36.500500
46.894104   36.203516
46.900771   36.027315
46.907437   35.641760
46.914104   34.307860
46.920771   31.937206
46.927437   29.891197
46.934104   28.768372
46.940771   28.136715
46.947437   27.394285
46.954104   26.150377
46.960771   24.702345
46.967437   23.927765
46.974104   23.572745
46.980771   23.074883
46.987437   22.397115
46.994104   21.807218
47.000771   21.791151
47.007437   21.736714
47.014104   21.317684
47.020771   20.830212
47.027437   20.503279
47.034104   20.668250
47.040771   20.984719
47.047437   21.451503
47.054104   22.055502
47.060771   22.109718
47.067437   21.964860
47.074104   22.697518
47.080771   23.510939
47.087437   23.216375
47.094104   21.958172
47.100771   20.703984
47.107437   20.487576
47.114104   21.036807
47.120771   29.711588
47.127437   39.727389
47.134104   44.570354
47.140771   44.824484
47.147437   41.181754
47.154104   36.235266
47.160771   34.422539
47.167437   34.513336
47.174104   33.940687
47.180771   31.516264
47.187437   29.424097
47.194104   28.378491
47.200771   27.264538
47.207437   25.853674
47.214104   24.593606
47.220771   23.845252
47.227437   23.262473
47.234104   22.358833
47.240771   21.826124
47.247437   21.913126
47.254104   22.191206
47.260771   22.393319
47.267437   21.894099
47.274104   21.291928
47.280771   21.097242
47.287437   20.860509
47.294104   20.975151
47.300771   21.515277
47.307437   22.270454
47.314104   23.053741
47.320771   25.008820
47.327437   27.142864
47.334104   27.621516
47.340771   27.369575
47.347437   26.698030
47.354104   25.497025
47.360771   24.670410
47.367437   24.435927
47.374104   23.600667
47.380771   22.911271
47.387437   28.689005
47.394104   38.828023
47.400771   44.008115
47.407437   44.460225
47.414104   40.859513
47.420771   35.562130
47.427437   32.975340
47.434104   31.743066
47.440771   30.728108
47.447437   30.723526
47.454104   32.684628
47.460771   32.765860
47.467437   29.526022
47.474104   25.708352
47.480771   24.328752
47.487437   23.853697
47.494104   23.326059
47.500771   22.529153
47.507437   21.736909
47.514104   21.283100
47.520771   20.980902
47.527437   20.573934
47.534104   20.407572
47.540771   20.313093
47.547437   20.959454
47.554104   23.368096
47.560771   27.180897
47.567437   30.387025
47.574104   32.262012
47.580771   33.051608
47.587437   33.425739
47.594104   33.475994
47.600771   32.150723
47.607437   29.971251
47.614104   28.212910
47.620771   27.721744
47.627437   27.600773
47.634104   26.517056
47.640771   28.573634
47.647437   37.747171
47.654104   43.013651
47.660771   43.684158
47.667437   40.590296
47.674104   35.866406
47.680771   32.558242
47.687437   30.807957
47.694104   29.953478
47.700771   28.822320
47.707437   27.470206
47.714104   26.467898
47.720771   25.327300
47.727437   23.946816
47.734104   23.018261
47.740771   21.967609
47.747437   20.855907
47.754104   20.270525
47.760771   20.224900
47.767437   20.310291
47.774104   20.820499
47.780771   21.719787
47.787437   21.992204
47.794104   21.687548
47.800771   28.499727
47.807437   38.121647
47.814104   42.613044
47.820771   42.396995
47.827437   38.573321
47.834104   34.518508
47.840771   32.243668
47.847437   30.327352
47.854104   29.568834
47.860771   30.290674
47.867437   29.965518
47.874104   27.639758
47.880771   25.661673
47.887437   24.896589
47.894104   24.334605
47.900771   23.484639
47.907437   22.084367
47.914104   21.059244
47.920771   20.694735
47.927437   20.584930
47.934104   20.682630
47.940771   21.144839
47.947437   21.514498
47.954104   21.631680
47.960771   21.772482
47.967437   21.060347
47.974104   20.540013
47.980771   20.751224
47.987437   21.538562
47.994104   22.286251
48.000771   22.447038
48.007437   22.047113
48.014104   21.764729
48.020771   21.738714
48.027437   21.209383
48.034104   23.359553
48.040771   34.676035
48.047437   41.824339
48.054104   43.923126
48.060771   41.647400
48.067437   36.693326
48.074104   33.688978
48.080771   32.826173
48.087437   33.427253
48.094104   32.981308
48.100771   30.297895
48.107437   27.618163
48.114104   25.949364
48.120771   24.622926
48.127437   23.775427
48.134104   23.275032
48.140771   22.318475
48.147437   20.840306
48.154104   19.969428
48.160771   19.796739
48.167437   20.316714
48.174104   21.142269
48.180771   21.527894
48.187437   21.240487
48.194104   20.739829
48.200771   20.484992
48.207437   20.951458
48.214104   22.589722
48.220771   23.323243
48.227437   22.100954
48.234104   21.030939
48.240771   21.354331
48.247437   21.259293
48.254104   20.829830
48.260771   20.817116
48.267437   20.444973
48.274104   20.047899
48.280771   20.873235
48.287437   21.818993
48.294104   22.035619
48.300771   21.887844
48.307437   21.769752
48.314104   24.081831
48.320771   34.829708
48.327437   42.374247
48.334104   44.898390
48.340771   43.127106
48.347437   38.547166
48.354104   35.197237
48.360771   33.776857
48.367437   33.200721
48.374104   33.446755
48.380771   32.262260
48.387437   30.030303
48.394104   28.116193
48.400771   26.205078
48.407437   24.985047
48.414104   24.408672
48.420771   23.927344
48.427437   23.512059
48.434104   22.716379
48.440771   22.019512
48.447437   21.817770
48.454104   21.830347
48.460771   21.475528
48.467437   21.270478
48.474104   21.521755
48.480771   21.393312
48.487437   20.737494
48.494104   20.360903
48.500771   21.014201
48.507437   21.939669
48.514104   22.291406
48.520771   22.023011
48.527437   21.801641
48.534104   21.818402
48.540771   21.478960
48.547437   21.018222
48.554104   21.470102
48.560771   21.767426
48.567437   21.841074
48.574104   22.523810
48.580771   30.558782
48.587437   39.810365
48.594104   43.965559
48.600771   43.547792
48.607437   39.467259
48.614104   35.274381
48.620771   33.729888
48.627437   32.254874
48.634104   32.130645
48.640771   32.483769
48.647437   30.688555
48.654104   27.713070
48.660771   25.746649
48.667437   24.127497
48.674104   22.717183
48.680771   21.880518
48.687437   21.660016
48.694104   21.297748
48.700771   20.424955
48.707437   19.470675
48.714104   19.503428
48.720771   20.042862
48.727437   19.946550
48.734104   20.111055
48.740771   20.739729
48.747437   20.777238
48.754104   20.192202
48.760771   19.840047
48.767437   19.934942
48.774104   20.331380
48.780771   20.796099
48.787437   21.618090
48.794104   24.161879
48.800771   28.129127
48.807437   31.129395
48.814104   32.997490
48.820771   33.611444
48.827437   32.453611
48.834104   30.537394
48.840771   29.442234
48.847437   28.808848
48.854104   33.771642
48.860771   41.378204
48.867437   44.477059
48.874104   43.214836
48.880771   38.903494
48.887437   35.061513
48.894104   33.521290
48.900771   34.193892
48.907437   34.375591
48.914104   32.122494
48.920771   29.145193
48.927437   27.387677
48.934104   26.220164
48.940771   24.791333
48.947437   23.263059
48.954104   22.753816
48.960771   22.401093
48.967437   22.029201
48.974104   22.341206
48.980771   22.763385
48.987437   22.716306
48.994104   22.266618
49.000771   22.110308
49.007437   22.478018
49.014104   22.605042
49.020771   22.015934
49.027437   21.640551
49.034104   21.696091
49.040771   21.825240
49.047437   22.056866
49.054104   22.133213
49.060771   21.932467
49.067437   21.483780
49.074104   21.021499
49.080771   20.566066
49.087437   21.283444
49.094104   21.950225
49.100771   21.514330
49.107437   21.297855
49.114104   23.485100
49.120771   34.454447
49.127437   42.549567
49.134104   45.435900
49.140771   43.817179
49.147437   38.985805
49.154104   34.552389
49.160771   32.519790
49.167437   32.648741
49.174104   34.555405
49.180771   34.444797
49.187437   31.432332
49.194104   28.201677
49.200771   26.594763
49.207437   25.615384
49.214104   24.683147
49.220771   23.205048
49.227437   21.686274
49.234104   20.727774
49.240771   20.308176
49.247437   20.496023
49.254104   20.954514
49.260771   20.765987
49.267437   20.497179
49.274104   20.656127
49.280771   21.186671
49.287437   21.429366
49.294104   21.168415
49.300771   20.888678
49.307437   20.552927
49.314104   20.598317
49.320771   20.999807
49.327437   20.953816
49.334104   20.656599
49.340771   20.170129
49.347437   20.012805
49.354104   20.618014
49.360771   20.812704
49.367437   20.750319
49.374104   28.528321
49.380771   38.922552
49.387437   44.087668
49.394104   44.553234
49.400771   41.053567
49.407437   35.990410
49.414104   33.088787
49.420771   31.296356
49.427437   29.848401
49.434104   28.253976
49.440771   27.072863
49.447437   26.158561
49.454104   25.340774
49.460771   24.718277
49.467437   25.403085
49.474104   26.646211
49.480771   27.491636
49.487437   27.617584
49.494104   27.583355
49.500771   27.902786
49.507437   28.179481
49.514104   27.937029
49.520771   27.298320
49.527437   31.671234
49.534104   39.641475
49.540771   43.330640
49.547437   42.406646
49.554104   37.716525
49.560771   33.013207
49.567437   31.285719
49.574104   31.598007
49.580771   31.677546
49.587437   29.902180
49.594104   27.719627
49.600771   26.378052
49.607437   25.498034
49.614104   24.922166
49.620771   23.799186
49.627437   22.422287
49.634104   21.111101
49.640771   20.415978
49.647437   20.940543
49.654104   21.705612
49.660771   22.785367
49.667437   24.664471
49.674104   26.549213
49.680771   27.755579
49.687437   28.343612
49.694104   28.436531
49.700771   28.355943
49.707437   28.189897
49.714104   27.864147
49.720771   27.662359
49.727437   28.062429
49.734104   28.851525
49.740771   29.332454
49.747437   28.926518
49.754104   27.606117
49.760771   25.767180
49.767437   23.647449
49.774104   22.120511
49.780771   21.479803
49.787437   21.547792
49.794104   31.903307
49.800771   41.219594
49.807437   45.265222
49.814104   44.761447
49.820771   40.581223
49.827437   35.985309
49.834104   34.137447
49.840771   34.537478
49.847437   35.490860
49.854104   34.379090
49.860771   34.061592
49.867437   36.394575
49.874104   37.330553
49.880771   37.215675
49.887437   37.024002
49.894104   36.358096
49.900771   35.207424
49.907437   33.283235
49.914104   31.639974
49.920771   31.042497
49.927437   30.188168
49.934104   28.613136
49.940771   27.502905
49.947437   27.406810
49.954104   27.168992
49.960771   26.680338
49.967437   26.117977
49.974104   25.814749
49.980771   25.996380
49.987437   25.618032
49.994104   24.922571
50.000771   24.532558
50.007437   24.505716
50.014104   24.504393
50.020771   24.459565
50.027437   25.206674
50.034104   26.424669
50.040771   27.186048
50.047437   30.899806
50.054104   40.352521
50.060771   45.855592
50.067437   46.571896
50.074104   43.097909
50.080771   38.471971
50.087437   37.740064
50.094104   36.661134
50.100771   34.588810
50.107437   35.928280
50.114104   36.982970
50.120771   34.708718
50.127437   31.021850
50.134104   28.824982
50.140771   27.300317
50.147437   26.138756
50.154104   25.109725
50.160771   24.520732
50.167437   24.440597
50.174104   24.190007
50.180771   23.855896
50.187437   23.936917
50.194104   24.369963
50.200771   24.848865
50.207437   25.420669
50.214104   26.143424
50.220771   26.936599
50.227437   27.761255
50.234104   28.523684
50.240771   29.041968
50.247437   29.338565
50.254104   29.622128
50.260771   29.890045
50.267437   30.004553
50.274104   29.729026
50.280771   29.180684
50.287437   28.218173
50.294104   26.622768
50.300771   24.784846
50.307437   23.421633
50.314104   22.808818
50.320771   22.721663
50.327437   22.718695
50.334104   22.635660
50.340771   30.114763
50.347437   39.592942
50.354104   44.103743
50.360771   44.148382
50.367437   40.712243
50.374104   36.840389
50.380771   34.711761
50.387437   32.686938
50.394104   30.936211
50.400771   30.907369
50.407437   30.875921
50.414104   29.470570
50.420771   27.590636
50.427437   26.123438
50.434104   24.826406
50.440771   23.656700
50.447437   23.040123
50.454104   23.010647
50.460771   23.178103
50.467437   22.982011
50.474104   22.429400
50.480771   22.027962
50.487437   22.062337
50.494104   22.330457
50.500771   22.675128
50.507437   23.223238
50.514104   23.288142
50.520771   23.306208
50.527437   23.206495
50.534104   22.586387
50.540771   22.402628
50.547437   22.569626
50.554104   22.923741
50.560771   22.549123
50.567437   22.129387
50.574104   22.276184
50.580771   28.270246
50.587437   38.369830
50.594104   43.401137
50.600771   43.652394
50.607437   40.007307
50.614104   35.195731
50.620771   32.269520
50.627437   30.949665
50.634104   30.542841
50.640771   29.464868
50.647437   28.039589
50.654104   26.803801
50.660771   25.451602
50.667437   23.866052
50.674104   22.854539
50.680771   22.617507
50.687437   21.866177
50.694104   21.097903
50.700771   21.647637
50.707437   22.719797
50.714104   23.182987
50.720771   23.029887
50.727437   22.245559
50.734104   21.153314
50.740771   20.643279
50.747437   21.040487
50.754104   21.350714
50.760771   21.270152
50.767437   21.403892
50.774104   21.568492
50.780771   21.354646
50.787437   21.294625
50.794104   21.370221
50.800771   21.505982
50.807437   22.307280
50.814104   22.585121
50.820771   22.055023
50.827437   23.836161
50.834104   34.224386
50.840771   41.579278
50.847437   44.005576
50.854104   42.150408
50.860771   37.393052
50.867437   33.867747
50.874104   32.362642
50.880771   30.987973
50.887437   29.714522
50.894104   28.851159
50.900771   27.612116
50.907437   26.193290
50.914104   25.353835
50.920771   24.486796
50.927437   23.439255
50.934104   22.882573
50.940771   22.323619
50.947437   21.951778
50.954104   21.573176
50.960771   21.199906
50.967437   21.525287
50.974104   22.230528
50.980771   22.437406
50.987437   22.287369
50.994104   28.781032
51.000771   38.230339
51.007437   42.823945
51.014104   42.888659
51.020771   39.400920
51.027437   35.521698
51.034104   33.265684
51.040771   31.013982
51.047437   29.516091
51.054104   29.498698
51.060771   30.220158
51.067437   29.243674
51.074104   26.732364
51.080771   24.934220
51.087437   24.028341
51.094104   23.467991
51.100771   22.539519
51.107437   22.047423
51.114104   22.269731
51.120771   22.117662
51.127437   21.838701
51.134104   22.256965
51.140771   22.367474
51.147437   21.967329
51.154104   21.903070
51.160771   21.715257
51.167437   21.265132
51.174104   20.851916
51.180771   20.504886
51.187437   20.634164
51.194104   21.403500
51.200771   21.705574
51.207437   21.614558
51.214104   21.976253
51.220771   21.968474
51.227437   21.477420
51.234104   21.114671
51.240771   27.963028
51.247437   38.334511
51.254104   43.582445
51.260771   44.379913
51.267437   41.867602
51.274104   38.402565
51.280771   35.749160
51.287437   33.521965
51.294104   32.239250
51.300771   30.859974
51.307437   30.876105
51.314104   32.104893
51.320771   30.979763
51.327437   27.648290
51.334104   25.175394
51.340771   24.060653
51.347437   23.208051
51.354104   22.784424
51.360771   22.395981
51.367437   21.960066
51.374104   21.654815
51.380771   21.405033
51.387437   21.529099
51.394104   21.816229
51.400771   21.739082
51.407437   21.291695
51.414104   21.061273
51.420771   20.966841
51.427437   20.898499
51.434104   21.210579
51.440771   22.246418
51.447437   22.758316
51.454104   22.112373
51.460771   21.309310
51.467437   21.533888
51.474104   21.706500
51.480771   21.213017
51.487437   21.127362
51.494104   21.624561
51.500771   21.830325
51.507437   21.396983
51.514104   21.293441
51.520771   29.011458
51.527437   39.592514
51.534104   44.951122
51.540771   45.755833
51.547437   42.974003
51.554104   38.982632
51.560771   35.912096
51.567437   33.197408
51.574104   32.157018
51.580771   31.124786
51.587437   30.074723
51.594104   28.950253
51.600771   27.474060
51.607437   26.090167
51.614104   25.163208
51.620771   24.149214
51.627437   22.631808
51.634104   21.453458
51.640771   20.913200
51.647437   21.138430
51.654104   21.593139
51.660771   21.273982
51.667437   20.709661
51.674104   20.801939
51.680771   20.509523
51.687437   19.886905
51.694104   20.044682
51.700771   20.521302
51.707437   20.960383
51.714104   21.191575
51.720771   20.911190
51.727437   20.108940
51.734104   20.009689
51.740771   20.277825
51.747437   19.575576
51.754104   19.372443
51.760771   19.937504
51.767437   20.182317
51.774104   22.483612
51.780771   33.704449
51.787437   41.830338
51.794104   44.803927
51.800771   43.420855
51.807437   39.105099
51.814104   35.823403
51.820771   35.136927
51.827437   34.480118
51.834104   32.840314
51.840771   31.382500
51.847437   30.655169
51.854104   29.634197
51.860771   28.147570
51.867437   26.967988
51.874104   25.855768
51.880771   24.502801
51.887437   23.044246
51.894104   21.617577
51.900771   20.968843
51.907437   21.309852
51.914104   21.597859
51.920771   21.637006
51.927437   21.859197
51.934104   22.085832
51.940771   21.907301
51.947437   21.409136
51.954104   21.060676
51.960771   21.300708
51.967437   21.498349
51.974104   21.402907
51.980771   21.140410
51.987437   21.049624
51.994104   21.330375
52.000771   21.036342
52.007437   21.117644
52.014104   22.514035
52.020771   23.448476
52.027437   23.037014
52.034104   21.735925
52.040771   21.012443
52.047437   21.328304
52.054104   28.923255
52.060771   39.277320
52.067437   44.510764
52.074104   45.207791
52.080771   42.290405
52.087437   38.617082
52.094104   37.302672
52.100771   35.709718
52.107437   33.423151
52.114104   31.733775
52.120771   30.286062
52.127437   29.109026
52.134104   28.353020
52.140771   27.238207
52.147437   25.785991
52.154104   24.436301
52.160771   23.238859
52.167437   22.302294
52.174104   22.199737
52.180771   22.479797
52.187437   22.773166
52.194104   22.997255
52.200771   22.919499
52.207437   22.707502
52.214104   22.432196
52.220771   22.246011
52.227437   22.549752
52.234104   23.180570
52.240771   23.053643
52.247437   22.720068
52.254104   22.531466
52.260771   21.930792
52.267437   21.581896
52.274104   21.902975
52.280771   21.964766
52.287437   21.548583
52.294104   21.133315
52.300771   21.140788
52.307437   21.426080
52.314104   21.635226
52.320771   24.239475
52.327437   35.221390
52.334104   42.510701
52.340771   44.738911
52.347437   42.709101
52.354104   38.514034
52.360771   35.671369
52.367437   33.412341
52.374104   31.984971
52.380771   30.754946
52.387437   29.195624
52.394104   27.695046
52.400771   26.322985
52.407437   25.369992
52.414104   24.747970
52.420771   23.872999
52.427437   23.264991
52.434104   23.606114
52.440771   23.322547
52.447437   22.082596
52.454104   21.781840
52.460771   22.572171
52.467437   22.882748
52.474104   22.144852
52.480771   21.647084
52.487437   21.762067
52.494104   21.622187
52.500771   21.565804
52.507437   22.067938
52.514104   22.071703
52.520771   21.705570
52.527437   22.024189
52.534104   23.481342
52.540771   25.818487
52.547437   27.269699
52.554104   27.044657
52.560771   25.471283
52.567437   23.903353
52.574104   23.675674
52.580771   27.341156
52.587437   37.977097
52.594104   44.155890
52.600771   45.459689
52.607437   42.788785
52.614104   38.518376
52.620771   35.869274
52.627437   33.222024
52.634104   31.191313
52.640771   29.587718
52.647437   28.295819
52.654104   27.469626
52.660771   25.989219
52.667437   24.310302
52.674104   23.454493
52.680771   23.261690
52.687437   22.844715
52.694104   22.367094
52.700771   21.955260
52.707437   21.152186
52.714104   20.383563
52.720771   19.936103
52.727437   20.380246
52.734104   21.901035
52.740771   31.563574
52.747437   40.291871
52.754104   43.839982
52.760771   42.855436
52.767437   38.454146
52.774104   34.442365
52.780771   32.347170
52.787437   30.974472
52.794104   30.592097
52.800771   29.699585
52.807437   28.206472
52.814104   26.851357
52.820771   24.993139
52.827437   23.023977
52.834104   22.286634
52.840771   21.964454
52.847437   21.206640
52.854104   20.422641
52.860771   20.057925
52.867437   19.676434
52.874104   19.443723
52.880771   19.448905
52.887437   19.037023
52.894104   18.935759
52.900771   19.227099
52.907437   19.674222
52.914104   20.596549
52.920771   20.813358
52.927437   20.265343
52.934104   20.020605
52.940771   19.931136
52.947437   20.151946
52.954104   20.558308
52.960771   20.282177
52.967437   19.996865
52.974104   20.249071
52.980771   20.421487
52.987437   20.064963
52.994104   20.476377
53.000771   30.054629
53.007437   40.325641
53.014104   45.110197
53.020771   45.092661
53.027437   41.173947
53.034104   36.748531
53.040771   34.313918
53.047437   32.776750
53.054104   32.891430
53.060771   32.331961
53.067437   30.596229
53.074104   28.664079
53.080771   26.618144
53.087437   24.986151
53.094104   23.878656
53.100771   22.796904
53.107437   22.184994
53.114104   22.055480
53.120771   21.782974
53.127437   21.631984
53.134104   21.730450
53.140771   21.718754
53.147437   21.862104
53.154104   21.856339
53.160771   21.241682
53.167437   20.781371
53.174104   21.240916
53.180771   21.076278
53.187437   21.353493
53.194104   21.952561
53.200771   21.757832
53.207437   21.728730
53.214104   21.676978
53.220771   21.586684
53.227437   21.312358
53.234104   21.043591
53.240771   21.167208
53.247437   20.910746
53.254104   21.850117
53.260771   33.045265
53.267437   41.318358
53.274104   44.483072
53.280771   43.432395
53.287437   39.650426
53.294104   36.319281
53.300771   34.165577
53.307437   33.042502
53.314104   31.353328
53.320771   29.301655
53.327437   28.079023
53.334104   26.660839
53.340771   25.254265
53.347437   24.194775
53.354104   23.919764
53.360771   23.680721
53.367437   23.104006
53.374104   22.810152
53.380771   22.761127
53.387437   22.602322
53.394104   22.177181
53.400771   21.357675
53.407437   20.607143
53.414104   20.964893
53.420771   21.817150
53.427437   22.102348
53.434104   21.685236
53.440771   20.768646
53.447437   20.271267
53.454104   20.856373
53.460771   21.280303
53.467437   20.828374
53.474104   20.530419
53.480771   20.601335
53.487437   20.872119
53.494104   21.373158
53.500771   21.099290
53.507437   20.374302
53.514104   20.244475
53.520771   20.319105
53.527437   21.377246
53.534104   22.301320
53.540771   22.299504
53.547437   25.994039
53.554104   37.195818
53.560771   43.771480
53.567437   45.455830
53.574104   43.030669
53.580771   38.679864
53.587437   35.827369
53.594104   33.176976
53.600771   31.530872
53.607437   30.696747
53.614104   30.171305
53.620771   29.261495
53.627437   27.756647
53.634104   26.151330
53.640771   25.196680
53.647437   24.970252
53.654104   24.181108
53.660771   23.054137
53.667437   22.265027
53.674104   21.679734
53.680771   21.219632
53.687437   21.232492
53.694104   21.713503
53.700771   22.181581
53.707437   22.122807
53.714104   22.164256
53.720771   21.939938
53.727437   21.789454
53.734104   22.240571
53.740771   22.181348
53.747437   21.660672
53.754104   21.288739
53.760771   20.897847
53.767437   20.800101
53.774104   21.287315
53.780771   21.368094
53.787437   21.444099
53.794104   21.981788
53.800771   28.552921
53.807437   38.676585
53.814104   43.837874
53.820771   44.494539
53.827437   41.818563
53.834104   38.825184
53.840771   36.746094
53.847437   34.345789
53.854104   32.607793
53.860771   30.912565
53.867437   29.576756
53.874104   28.242882
53.880771   26.760476
53.887437   25.305867
53.894104   24.389827
53.900771   23.766370
53.907437   22.831564
53.914104   22.527422
53.920771   22.563329
53.927437   22.281399
53.934104   21.855255
53.940771   21.768556
53.947437   21.642341
53.954104   21.509779
53.960771   21.501927
53.967437   21.133452
53.974104   20.743092
53.980771   20.714037
53.987437   20.996977
53.994104   21.753683
54.000771   22.602078
54.007437   22.700620
54.014104   21.797045
54.020771   21.558721
54.027437   22.518609
54.034104   23.028381
54.040771   22.578685
54.047437   21.984609
54.054104   21.923905
54.060771   27.142534
54.067437   37.727580
54.074104   43.372214
54.080771   44.163268
54.087437   40.887513
54.094104   36.094370
54.100771   33.469225
54.107437   31.412457
54.114104   30.032148
54.120771   28.876450
54.127437   27.942704
54.134104   27.185266
54.140771   27.272370
54.147437   27.743390
54.154104   27.926411
54.160771   27.480967
54.167437   25.876238
54.174104   24.476990
54.180771   23.583015
54.187437   23.253282
54.194104   23.626980
54.200771   24.134839
54.207437   24.153340
54.214104   24.007041
54.220771   31.469699
54.227437   39.247613
54.234104   42.217346
54.240771   41.046412
54.247437   37.131243
54.254104   33.323839
54.260771   31.305642
54.267437   30.841825
54.274104   30.368922
54.280771   28.930120
54.287437   27.302339
54.294104   25.970749
54.300771   24.929068
54.307437   24.135040
54.314104   23.969360
54.320771   24.222267
54.327437   24.037049
54.334104   23.715848
54.340771   23.670592
54.347437   23.542048
54.354104   23.155792
54.360771   23.256393
54.367437   23.897607
54.374104   23.921418
54.380771   23.650705
54.387437   23.796362
54.394104   24.102179
54.400771   24.379165
54.407437   24.485925
54.414104   24.679870
54.420771   25.015609
54.427437   25.138096
54.434104   24.929401
54.440771   24.135312
54.447437   23.231929
54.454104   23.101720
54.460771   23.429499
54.467437   23.164088
54.474104   22.851293
54.480771   31.413681
54.487437   40.209357
54.494104   43.798646
54.500771   42.791171
54.507437   38.407649
54.514104   34.247775
54.520771   32.691169
54.527437   33.776105
54.534104   36.159532
54.540771   35.979202
54.547437   32.977375
54.554104   30.532330
54.560771   29.851955
54.567437   28.770300
54.574104   27.737818
54.580771   27.007136
54.587437   25.901004
54.594104   24.949032
54.600771   24.730252
54.607437   24.918465
54.614104   25.150334
54.620771   25.070963
54.627437   24.829269
54.634104   25.152752
54.640771   25.849161
54.647437   26.233978
54.654104   26.276697
54.660771   26.077983
54.667437   25.797555
54.674104   25.776073
54.680771   25.716707
54.687437   25.155290
54.694104   24.164395
54.700771   23.632015
54.707437   23.949778
54.714104   24.425049
54.720771   24.797377
54.727437   24.473148
54.734104   23.493295
54.740771   22.823381
54.747437   27.214329
54.754104   37.487786
54.760771   43.130388
54.767437   44.093196
54.774104   41.368702
54.780771   37.648216
54.787437   35.891041
54.794104   34.071872
54.800771   31.722330
54.807437   30.175119
54.814104   29.018151
54.820771   27.261696
54.827437   25.568840
54.834104   24.430060
54.840771   23.536452
54.847437   22.892664
54.854104   22.327993
54.860771   21.939492
54.867437   22.120715
54.874104   22.281351
54.880771   22.253309
54.887437   22.517495
54.894104   23.479675
54.900771   24.714733
54.907437   25.524209
54.914104   25.614844
54.920771   25.256285
54.927437   24.879014
54.934104   24.714393
54.940771   24.507201
54.947437   24.423197
54.954104   24.454597
54.960771   23.949852
54.967437   23.326936
54.974104   23.468117
54.980771   23.459584
54.987437   23.440586
54.994104   23.332668
55.000771   23.333613
55.007437   23.633135
55.014104   24.760379
55.020771   33.331913
55.027437   42.424381
55.034104   46.508445
55.040771   45.978221
55.047437   41.641545
55.054104   37.013788
55.060771   35.694357
55.067437   35.022711
55.074104   34.252222
55.080771   32.939368
55.087437   31.320116
55.094104   30.285561
55.100771   29.006587
55.107437   27.748913
55.114104   27.325927
55.120771   27.150319
55.127437   26.514996
55.134104   25.872356
55.140771   25.550448
55.147437   25.365259
55.154104   24.896245
55.160771   24.065871
55.167437   23.388251
55.174104   23.138978
55.180771   23.174137
55.187437   22.696331
55.194104   22.015777
55.200771   21.992775
55.207437   22.239835
55.214104   22.373782
55.220771   22.467006
55.227437   22.598001
55.234104   22.036759
55.240771   21.351620
55.247437   21.043057
55.254104   20.927295
55.260771   21.634733
55.267437   22.187857
55.274104   22.318042
55.280771   22.204744
55.287437   21.674390
55.294104   22.876358
55.300771   33.381392
55.307437   42.048537
55.314104   45.614848
55.320771   44.733662
55.327437   40.327864
55.334104   35.971089
55.340771   34.434657
55.347437   33.727449
55.354104   33.207173
55.360771   32.110781
55.367437   31.154060
55.374104   30.148900
55.380771   29.045912
55.387437   27.907201
55.394104   26.929259
55.400771   25.998180
55.407437   24.591302
55.414104   23.754070
55.420771   23.772691
55.427437   23.383358
55.434104   23.035131
55.440771   23.210478
55.447437   23.129282
55.454104   22.959912
55.460771   22.807185
55.467437   22.419055
55.474104   22.384802
55.480771   22.827150
55.487437   23.472167
55.494104   23.820223
55.500771   24.619937
55.507437   26.888921
55.514104   29.359639
55.520771   30.706223
55.527437   30.585508
55.534104   29.720100
55.540771   29.107320
55.547437   28.916186
55.554104   28.575791
55.560771   27.703814
55.567437   27.226282
55.574104   33.230703
55.580771   41.955638
55.587437   45.878292
55.594104   45.140028
55.600771   40.532270
55.607437   35.843653
55.614104   34.983786
55.620771   34.335937
55.627437   33.277311
55.634104   32.776303
55.640771   33.131583
55.647437   33.576003
55.654104   34.006386
55.660771   34.444823
55.667437   34.418530
55.674104   33.890608
55.680771   33.193424
55.687437   31.970160
55.694104   30.767301
55.700771   29.524962
55.707437   27.408030
55.714104   25.843198
55.720771   25.836102
55.727437   25.787939
55.734104   24.688866
55.740771   23.300702
55.747437   22.813241
55.754104   22.834894
55.760771   22.831459
55.767437   22.804819
55.774104   23.195590
55.780771   23.243635
55.787437   22.783184
55.794104   22.360127
55.800771   21.777734
55.807437   21.216256
55.814104   21.602242
55.820771   26.887775
55.827437   37.451825
55.834104   43.381460
55.840771   44.579971
55.847437   41.862789
55.854104   37.436688
55.860771   35.171473
55.867437   33.325053
55.874104   31.931248
55.880771   30.918422
55.887437   29.296028
55.894104   27.529113
55.900771   26.004331
55.907437   24.757354
55.914104   23.977814
55.920771   23.436372
55.927437   22.907828
55.934104   22.817439
55.940771   23.070673
55.947437   23.677428
55.954104   24.946649
55.960771   25.187537
55.967437   24.385669
55.974104   24.692179
55.980771   30.488014
55.987437   39.050521
55.994104   43.145573
56.000771   42.608329
56.007437   38.243461
56.014104   33.538424
56.020771   32.195088
56.027437   32.036886
56.034104   31.628442
56.040771   30.137555
56.047437   28.501580
56.054104   27.255077
56.060771   25.865509
56.067437   24.548482
56.074104   23.400620
56.080771   22.432337
56.087437   21.876989
56.094104   21.996658
56.100771   24.508931
56.107437   28.504309
56.114104   31.310536
56.120771   32.908145
56.127437   33.862561
56.134104   34.314609
56.140771   34.223555
56.147437   33.640186
56.154104   33.148166
56.160771   33.065926
56.167437   32.999537
56.174104   32.729237
56.180771   32.233782
56.187437   31.150892
56.194104   29.264788
56.200771   28.067846
56.207437   28.851120
56.214104   29.326372
56.220771   29.248617
56.227437   29.216517
56.234104   28.478006
56.240771   27.210642
56.247437   31.735936
56.254104   40.728367
56.260771   45.049555
56.267437   44.720982
56.274104   40.521615
56.280771   35.928203
56.287437   34.800729
56.294104   33.591400
56.300771   32.249034
56.307437   31.820816
56.314104   31.353551
56.320771   29.875081
56.327437   27.708124
56.334104   26.101038
56.340771   24.999676
56.347437   23.536480
56.354104   22.333882
56.360771   21.698048
56.367437   21.293487
56.374104   20.818107
56.380771   20.258607
56.387437   20.237565
56.394104   20.989510
56.400771   21.646157
56.407437   21.318236
56.414104   20.689494
56.420771   20.644231
56.427437   20.940314
56.434104   21.110747
56.440771   21.520650
56.447437   22.526208
56.454104   24.366196
56.460771   24.881178
56.467437   23.326848
56.474104   21.368894
56.480771   20.760540
56.487437   20.982183
56.494104   25.180504
56.500771   37.094579
56.507437   44.016787
56.514104   45.937542
56.520771   43.494362
56.527437   38.136561
56.534104   36.023652
56.540771   36.445731
56.547437   34.534131
56.554104   31.718280
56.560771   30.671247
56.567437   29.879776
56.574104   28.724632
56.580771   27.519595
56.587437   26.227567
56.594104   24.420249
56.600771   22.695499
56.607437   21.817034
56.614104   21.634433
56.620771   21.316635
56.627437   20.743432
56.634104   20.777854
56.640771   21.752749
56.647437   23.912561
56.654104   27.596177
56.660771   30.450738
56.667437   32.451003
56.674104   33.660310
56.680771   33.486080
56.687437   32.336035
56.694104   31.193621
56.700771   29.483924
56.707437   27.245131
56.714104   26.113578
56.720771   26.693748
56.727437   27.286914
56.734104   26.749699
56.740771   25.374733
56.747437   24.137219
56.754104   24.105852
56.760771   24.450291
56.767437   23.972095
56.774104   23.148477
56.780771   22.791378
56.787437   22.992146
56.794104   32.316666
56.800771   41.761467
56.807437   45.898844
56.814104   45.399759
56.820771   41.317846
56.827437   37.020224
56.834104   34.792689
56.840771   35.201653
56.847437   35.705634
56.854104   33.785174
56.860771   31.223948
56.867437   29.265939
56.874104   27.669116
56.880771   26.550043
56.887437   25.570709
56.894104   24.759983
56.900771   23.935851
56.907437   23.224557
56.914104   22.937452
56.920771   23.281758
56.927437   23.451344
56.934104   23.277787
56.940771   22.764838
56.947437   22.130235
56.954104   21.841790
56.960771   21.595854
56.967437   21.354528
56.974104   21.066105
56.980771   21.067601
56.987437   21.535565
56.994104   22.962502
57.000771   24.785800
57.007437   24.840555
57.014104   24.293948
57.020771   24.983225
57.027437   24.157898
57.034104   22.388883
57.040771   21.387475
57.047437   20.882327
57.054104   29.695790
57.060771   39.742011
57.067437   44.486680
57.074104   44.717208
57.080771   41.377519
57.087437   36.557393
57.094104   33.267113
57.100771   31.036456
57.107437   29.541252
57.114104   29.723559
57.120771   30.443965
57.127437   29.556711
57.134104   27.440140
57.140771   25.885065
57.147437   24.763254
57.154104   23.627243
57.160771   22.728953
57.167437   21.796135
57.174104   20.978132
57.180771   20.827412
57.187437   20.690291
57.194104   20.544787
57.200771   20.709946
57.207437   21.050632
57.214104   21.353113
57.220771   21.855051
57.227437   22.983454
57.234104   23.015457
57.240771   21.769644
57.247437   21.824585
57.254104   23.379520
57.260771   24.547969
57.267437   24.528587
57.274104   23.886314
57.280771   23.468817
57.287437   23.284404
57.294104   23.451693
57.300771   23.595541
57.307437   23.100621
57.314104   22.956590
57.320771   26.684387
57.327437   36.887226
57.334104   43.147114
57.340771   44.649448
57.347437   42.298453
57.354104   38.316350
57.360771   35.064873
57.367437   32.456433
57.374104   31.387210
57.380771   30.266066
57.387437   28.693101
57.394104   27.847042
57.400771   27.099368
57.407437   26.143447
57.414104   25.554959
57.420771   24.610222
57.427437   23.501190
57.434104   22.706373
57.440771   21.824465
57.447437   21.345087
57.454104   21.362293
57.460771   21.121534
57.467437   26.291965
57.474104   35.527799
57.480771   40.024052
57.487437   39.800970
57.494104   35.448066
57.500771   30.330392
57.507437   29.803257
57.514104   29.617593
57.520771   28.816488
57.527437   27.641462
57.534104   25.936692
57.540771   24.786863
57.547437   26.289122
57.554104   26.689066
57.560771   24.352218
57.567437   21.767187
57.574104   20.719501
57.580771   20.825938
57.587437   21.100481
57.594104   20.886849
57.600771   20.725169
57.607437   20.560914
57.614104   20.041832
57.620771   19.820660
57.627437   20.482828
57.634104   21.341391
57.640771   21.009354
57.647437   20.131386
57.654104   19.560300
57.660771   19.267376
57.667437   19.554307
57.674104   19.981430
57.680771   20.147192
57.687437   19.809549
57.694104   19.971552
57.700771   20.149589
57.707437   19.572857
57.714104   23.530984
57.720771   35.485873
57.727437   42.606114
57.734104   44.646301
57.740771   42.327726
57.747437   37.395964
57.754104   35.292323
57.760771   35.948712
57.767437   36.758098
57.774104   35.916260
57.780771   32.959353
57.787437   30.526118
57.794104   28.607745
57.800771   27.190718
57.807437   26.510498
57.814104   25.874295
57.820771   25.029091
57.827437   24.593676
57.834104   24.559904
57.840771   24.190959
57.847437   24.484254
57.854104   25.274596
57.860771   25.899866
57.867437   25.537431
57.874104   25.087013
57.880771   25.973078
57.887437   25.553375
57.894104   23.724222
57.900771   22.990241
57.907437   22.554973
57.914104   21.531595
57.920771   21.587898
57.927437   22.490313
57.934104   22.665353
57.940771   22.244394
57.947437   21.847626
57.954104   21.681086
57.960771   21.959283
57.967437   21.931289
57.974104   21.144185
57.980771   20.380757
57.987437   20.186906
57.994104   20.628776
58.000771   22.824387
58.007437   34.605717
58.014104   43.254759
58.020771   46.627391
58.027437   45.434946
58.034104   40.824331
58.040771   37.067757
58.047437   35.741447
58.054104   34.258055
58.060771   33.117566
58.067437   33.239369
58.074104   33.867431
58.080771   33.717484
58.087437   32.810773
58.094104   31.794595
58.100771   30.408774
58.107437   28.173769
58.114104   26.349852
58.120771   26.139112
58.127437   25.282973
58.134104   23.635422
58.140771   22.814646
58.147437   22.853159
58.154104   22.736026
58.160771   22.235640
58.167437   21.944668
58.174104   21.888449
58.180771   21.939811
58.187437   21.649484
58.194104   20.915170
58.200771   21.324529
58.207437   21.719995
58.214104   21.023520
58.220771   21.107412
58.227437   21.226277
58.234104   21.233252
58.240771   21.992345
58.247437   22.725139
58.254104   22.773480
58.260771   22.100508
58.267437   25.645603
58.274104   37.077005
58.280771   43.704654
58.287437   45.414821
58.294104   42.971140
58.300771   38.219596
58.307437   35.720243
58.314104   35.503310
58.320771   34.032775
58.327437   32.432762
58.334104   31.672276
58.340771   30.357321
58.347437   28.661598
58.354104   27.411627
58.360771   26.963708
58.367437   26.106610
58.374104   24.677864
58.380771   23.579199
58.387437   22.958200
58.394104   22.838015
58.400771   23.212048
58.407437   23.402777
58.414104   23.096029
58.420771   22.950989
58.427437   23.259266
58.434104   23.027101
58.440771   23.601156
58.447437   24.982278
58.454104   25.455505
58.460771   24.467238
58.467437   22.648414
58.474104   22.084346
58.480771   22.058169
58.487437   22.037748
58.494104   22.210153
58.500771   22.992533
58.507437   25.239628
58.514104   26.493280
58.520771   26.161944
58.527437   24.647676
58.534104   22.999266
58.540771   22.231660
58.547437   24.221430
58.554104   35.215078
58.560771   42.515872
58.567437   44.751594
58.574104   42.497397
58.580771   37.003018
58.587437   34.385579
58.594104   34.819358
58.600771   34.719595
58.607437   34.109721
58.614104   31.519231
58.620771   28.375584
58.627437   27.252341
58.634104   26.793839
58.640771   26.656564
58.647437   27.041163
58.654104   26.351258
58.660771   23.851971
58.667437   21.930021
58.674104   21.383152
58.680771   21.426387
58.687437   21.641775
58.694104   21.817943
58.700771   22.433285
58.707437   23.286509
58.714104   23.941113
58.720771   24.341818
58.727437   24.080917
58.734104   23.308067
58.740771   23.148110
58.747437   23.186455
58.754104   22.947773
58.760771   22.485734
58.767437   22.139522
58.774104   23.645422
58.780771   25.068272
58.787437   23.973714
58.794104   22.261945
58.800771   22.287414
58.807437   22.274143
58.814104   22.505337
58.820771   23.303895
58.827437   23.669438
58.834104   29.395365
58.840771   39.777007
58.847437   45.133330
58.854104   45.728933
58.860771   42.310447
58.867437   37.159339
58.874104   34.194622
58.880771   32.808742
58.887437   31.877037
58.894104   31.033809
58.900771   30.253523
58.907437   29.319377
58.914104   27.813885
58.920771   26.236071
58.927437   25.111087
58.934104   24.539201
58.940771   23.442427
58.947437   22.190024
58.954104   21.937967
58.960771   22.104312
58.967437   22.421054
58.974104   22.634080
58.980771   22.465938
58.987437   22.208150
58.994104   22.330406
59.000771   22.557691
59.007437   22.540796
59.014104   22.324173
59.020771   22.304366
59.027437   22.239230
59.034104   22.181258
59.040771   21.978758
59.047437   21.511402
59.054104   22.121291
59.060771   22.882811
59.067437   22.398261
59.074104   21.480678
59.080771   21.493975
59.087437   21.712979
59.094104   23.753392
59.100771   34.739368
59.107437   42.278309
59.114104   45.504413
59.120771   45.857108
59.127437   43.907651
59.134104   39.987321
59.140771   36.001972
59.147437   32.876208
59.154104   31.401684
59.160771   31.123261
59.167437   30.482814
59.174104   29.069588
59.180771   27.435730
59.187437   25.662853
59.194104   24.349391
59.200771   23.516821
59.207437   23.063248
59.214104   23.172969
59.220771   23.765748
59.227437   23.355570
59.234104   22.080363
59.240771   21.146727
59.247437   20.965416
59.254104   25.839018
59.260771   37.236969
59.267437   43.766792
59.274104   45.288993
59.280771   42.438028
59.287437   36.969683
59.294104   34.460458
59.300771   34.476047
59.307437   34.127079
59.314104   32.868495
59.320771   30.337568
59.327437   28.646655
59.334104   27.627979
59.340771   26.200631
59.347437   24.881335
59.354104   24.105995
59.360771   23.620140
59.367437   23.492115
59.374104   23.800942
59.380771   23.399356
59.387437   22.128485
59.394104   21.357908
59.400771   21.262055
59.407437   21.416596
59.414104   21.916673
59.420771   22.288471
59.427437   22.572592
